1.1
4.1
5.1
9.1
11.2
11.1
16.1
19.2
19.1
20.1
25.1
29.2
29.1
31.2
31.1
36.1
41.2
41.1
44.1
44.2
45.1
49.1
55.1
55.2
59.2
59.1
61.1
61.2
64.1
71.1
71.2
76.1
76.2
79.1
79.2
80.1
81.1
89.1
89.2
95.1
95.2
99.2
99.1
100.1
101.2
101.1
109.1
109.2
116.2
116.1
121.3
121.2
121.1
124.1
124.2
125.1
131.1
131.2
139.1
139.2
144.1
145.1
145.2
149.1
149.2
151.1
151.2
155.2
155.1
164.1
164.2
169.1
171.1
171.2
176.2
176.1
179.1
179.2
180.1
181.2
181.1
191.1
191.2
196.1
199.2
199.1
205.1
205.2
209.2
209.3
209.1
209.4
211.2
211.1
220.1
220.2
225.1
229.2
229.1
236.1
236.2
239.1
239.2
241.2
241.1
244.1
244.2
245.1
251.2
251.1
256.1
261.2
261.1
269.2
269.1
271.2
271.1
275.2
275.1
279.2
279.1
281.1
281.2
284.1
284.2
289.1
295.1
295.2
304.1
304.2
305.2
305.1
311.1
311.2
316.2
316.1
319.3
319.4
319.1
319.2
320.1
324.1
331.2
331.1
341.4
341.3
341.2
341.1
349.1
349.2
355.2
355.1
356.1
356.2
359.2
359.1
361.2
361.1
361.3
369.2
369.1
379.1
379.2
380.2
380.1
389.1
389.2
395.1
395.2
396.2
396.1
400.1
